271
369
4
233
64
187
230
312
340
355
127
169
127
118
54
381
364
279
306
102
382
176
394
18
100
220
365
243
499
435
379
38
126
127
491
409
266
456
264
483
293
86
367
223
311
110
486
32
477
18
102
324
365
139
348
426
331
270
334
64
40
26
40
3
285
493
148
382
135
400
36
413
304
320
337
190
396
361
162
438
254
485
440
446
492
379
359
249
267
409
434
412
221
414
235
364
440
18
160
44
463
390
188
430
48
313
169
256
358
232
234
174
493
184
226
462
202
470
107
497
257
479
212
242
171
133
339
150
333
346
192
441
333
291
259
181
106
229
437
209
412
359
219
8
171
139
479
307
115
22
92
130
234
454
473
129
445
2
272
177
333
176
23
282
252
162
138
27
375
145
475
431
124
77
95
236
344
454
305
438
469
328
360
358
426
297
203
402
13
342
456
315
294
412
448
169
96
449
31
124
373
376
461
282
469
46
37
490
496
69
396
275
355
416
420
13
246
166
337
195
445
54
201
331
11
326
296
484
455
446
195
184
287
434
262
357
123
417
150
182
437
189
9
51
370
122
411
70
434
346
239
85
29
303
112
159
300
119
275
128
271
462
223
452
143
6
409
5
478
16
32
80
458
498
142
171
134
109
196
402
140
461
295
273
117
402
8
471
213
398
7
232
438
4
205
105
389
332
133
437
28
263
367
428
472
202
290
426
61
494
21
28
318
336
331
240
445
88
351
30
403
394
277
471
125
137
461
322
130
219
231
341
51
112
302
28
109
487
66
144
440
32
112
267
360
135
454
155
248
315
355
225
125
96
118
320
1
73
66
72
150
336
401
68
315
264
23
62
10
198
475
363
219
412
333
378
116
79
231
71
152
128
118
429
282
211
114
456
35
270
13
56
273
19
330
31
460
393
102
177
379
267
499
179
374
405
188
130
41
160
247
217
451
385
371
231
390
362
322
425
459
72
410
51
158
78
202
278
164
107
267
346
52
223
324
42
322
340
185
219
43
312
216
64
305
48
173
482
281
226
273
113
91
246
303
34
157
290
257
392
391
140
104
357
11
337
36
232
70
192
68
148
54
56
49
345
397
490
17
496
203
425
211
380
452
434
340
131
237
253
464
361
95
249
498
314
271
366
417
68
